38.0
77.66666666666667
65.0
67.66666666666667
69.33333333333333
51.333333333333336
65.33333333333333
54.333333333333336
70.66666666666667
72.0
54.666666666666664
73.66666666666667
70.0
47.0
60.666666666666664
52.666666666666664
65.33333333333333
64.33333333333333
86.33333333333333
59.666666666666664
90.33333333333333
54.333333333333336
70.0
44.666666666666664
63.0
54.333333333333336
59.666666666666664
58.333333333333336
62.666666666666664
68.0
53.0
57.333333333333336
64.33333333333333
58.0
56.0
73.0
58.666666666666664
48.666666666666664
50.666666666666664
66.0
50.0
64.33333333333333
44.0
56.333333333333336
49.666666666666664
74.0
49.333333333333336
87.0
84.66666666666667
71.33333333333333
55.666666666666664
70.0
68.33333333333333
55.666666666666664
51.0
63.333333333333336
62.666666666666664
53.666666666666664
69.0
53.333333333333336
61.666666666666664
77.33333333333333
73.33333333333333
63.666666666666664
49.666666666666664
63.333333333333336
55.0
52.0
53.0
66.66666666666667
50.0
53.0
69.66666666666667
66.66666666666667
67.0
50.0
63.666666666666664
84.0
85.33333333333333
59.333333333333336
60.0
69.0
58.333333333333336
61.333333333333336
49.666666666666664
49.333333333333336
68.33333333333333
56.333333333333336
68.66666666666667
79.0
64.0
59.043956043956044 62.79120879120879 64.7032967032967 